0.7010422887753596
0.11224009612213925
0.2274423506079385
0.9445604617420673
0.19669087901984372
0.41627504982461017
0.5835582823441757
0.11888368090263013
0.4811617275162552
0.5291794749759373
0.04105323256820914
0.48256271219638536
0.415277003085194
0.61326994357685
0.9961983975750874
0.5747938491372351
0.833513632289004
0.1656782145719129
0.3445932524150147
0.4084376672008232
0.07126371091065797
0.10495714279119983
0.7234858616877629
0.1908779850410186
0.49146654355470576
0.18281051603754217
0.208985190647776
0.33248331186122193
0.4717022091696963
0.5260306928992193
0.017634584008876186
0.07753999598395189
0.27865712765089345
0.024861468646608542
0.9307608314668114
0.3317844237158354
0.8789425240449849
0.10138568777652679
0.4852082079308321
0.9061692343091085
0.013566415803023202
0.1151706402250603
0.45551247174284415
0.44825640593656624
0.7979308413742986
0.2932863033509946
0.7902652509041094
0.7906377820897532
0.7000458378943452
0.6079450782355671
0.9593642027982211
0.31004149040676
0.9967219946376874
0.4673938960225791
0.6190397358683406
0.16129062252584192
0.710824167873234
0.4343227029124215
0.6079947682636622
0.9270380620105242
0.592238636760183
0.4409360895244282
0.5506887318183978
0.30720954058451344
0.9210267696232506
0.13096749477623149
0.7627427470172015
0.9613444999437631
0.7833083523075015
0.02629837362665255
0.728638120618918
0.5125322846678605
0.9987381633174669
0.1894775994610839
0.15332551429184993
0.02339902498937796
0.06300956804614666
0.9333190265536931
0.4770576426850892
0.9626082416944941
0.30963932343406686
0.9148877894365266
0.7867033334556696
0.794596345069792
0.9923580474366004
0.6435693241009277
0.25699669510532497
0.8457715538811585
0.14275109353320403
0.03154726399601748
0.6116196068676951
0.02716284878957298
0.867364938789715
0.11989945244067723
0.6067119571753872
0.3265134586021339
0.21431457017858446
0.5246543090505758
0.20834869046745808
0.7220710722260855
0.8614974548498363
0.4645320354491894
0.9607181902597166
0.3158345635458475
0.6568401167752388
0.4557288651545084
0.023182427161416053
0.035775285538494295
0.475573891142252
0.8889841778325005
0.4920933838070799
0.21455860757843181
0.9503560459714643
0.7403044135432385
0.9171869005215945
0.7165488128943439
0.37712384478165706
0.6090993909903684
0.3725696167880317
0.055389023030677054
0.5028881769109872
0.12612029566533278
0.04876010937432451
0.12120492483345024
0.9612449760007797
0.5284706977769503
0.09494078402955985
0.7194892910245733
0.8372017157652573
0.8600957195265644
0.3595224596751556
0.11298205812936579
0.2149877626917297
0.8235359329201282
0.7523184449557042
0.15336841300647108
0.5908365689743774
0.7823668887030727
0.1830709307100209
0.39137504580596016
0.7172990910303103
0.7936268258308012
0.4187671006717093
0.7618530637977601
0.7864671874492932
0.8356683210769403
0.7461282234228649
0.05469317942460028
0.8565564826531439
0.5892528900146278
0.025850074944113066
0.40292713093190446
0.07961875896889947
0.22833948767744694
0.5816182172963911
0.4461267937500567
0.5977236300944999
0.6819014003437303
0.3796173422672374
0.6602204067544126
0.9407701243183743
0.7392385017829917
0.1231989020251053
0.5841032033611983
0.3811588546881599
0.18863474317116902
0.2125664711179015
0.31892724981328935
0.9788755696785219
0.902843534181527
7.841774625397813E-4
0.7277135546547312
0.9851078068417193
0.4147664130951161
0.4151079436324343
0.2209368702578357
0.8633360123734659
0.06282352828230531
0.8065855763231246
0.8779917431830135
0.4339112107753764
0.22789678489334264
0.841066146467682
0.9249561675320569
0.5514514121115118
0.5323595838807735
0.35120525096652555
0.26582656489342527
0.2839594430191865
0.12659016540295054
0.33174725682718065
0.847406514310222
0.778385111091031
0.3494977562549735
0.6793116289222058
0.12728839277135917
0.8694247691125715
0.11697405270028449
0.853105281161287
0.8098757949404443
0.01667192765560721
0.36581513858418246
0.3644285792931279
0.3171518231257946
0.33980278193090496
0.7605419955972466
0.8905374332695364
0.16890668256189534
0.3623006696173945
0.6566800116210539
0.8523698746759651
0.56139511363294
0.5712940821498004
0.006441524701333523
0.4958402210727274
0.9539028282399707
0.05440282487770176
0.49138751882606035
0.8728497087803535
0.3994582075541968
0.2840576027108894
0.671527899855107
0.6308574064312629
0.6889338196251488
0.5855783413329124
0.35145216498556087
0.18880088302119624
0.11704003958405729
0.9473668040642342
0.6814655102808648
0.7023510955185359
0.8242203664130244
0.6098899333197885
0.735338112234554
0.20293163833339256
0.2202168804912895
0.3046997620715505
0.4361576796968061
0.43262725078576203
0.9530808606839024
0.10555698305046135
0.7379089961885347
0.1910526188231313
0.2516625128665678
0.6007948149296397
0.91278637745433
0.46044681497181894
0.2401206874430447
0.49938058604986635
0.6428778859282271
0.18170504036266888
0.9997518982823532
0.842702664338337
0.36974314675630593
0.316753730743917
0.7364454557916995
0.7099305482756032
0.01653929680612576
0.7516213346758942
0.40132928464037654
0.676866351403214
0.7647323263228616
0.669751187983692
0.5076793099831688
0.31652615960446007
0.04106405118197376
0.25654972200121196
0.6889221234398853
0.7142602930699871
0.2503277797069785
0.9838571066330598
0.7505697962678445
0.31104133529874844
0.0756382776579172
0.266973632701758
0.5831820959192945
0.38561962821751317
0.36026470781534103
0.9870704031812637
0.32396034792392603
0.1395659724884264
0.6837281262314295
0.22825748306354177
0.5813343421329188
0.6587912901743274
0.7497473937582798
0.5912791306638404
0.3699116036074257
0.9909543889536397
0.6147510205501672
0.6147499268172066
0.6424163632787843
0.2002376599048289
0.6030543736278693
0.16004167517648604
0.9507531206070746
0.5392923112640496
0.47843507684091324
0.09737594606297195
0.8200876391851284
0.8127244624992299
0.07172224740646838
0.26837246385299607
0.8778462138499992
0.5973133615159613
0.10014753304851398
0.4942489403873498
0.6437912748093959
0.23122408158834118
0.35658931813096106
0.3490632108480697
0.1578398622233883
0.3877968151974258
0.7954738997133497
0.5238339319820396
0.2990490529334676
0.6090652614133112
0.2969803405702097
0.8700711339224104
0.7322000926830586
0.38997728884969063
0.05232869847498811
0.6301936490506258
0.9076709461386051
0.276360691546361
0.5803136643985268
0.9375053395342665
0.4357949252751664
0.9679980182964568
0.3588792389602402
0.39984789750832006
0.4586604726944328
0.6027438239722395
0.9354119413639689
0.46874244395639464
0.3503155056088121
0.2384389001993823
0.16556367992287624
0.33977842284463156
0.19059703140182482
0.046445784227091336
0.9227977484894825
0.3302030083021993
0.9783150087168875
0.8839502648072943
0.21948444541361367
0.03610966470362664
0.4762767117827278
0.7217440615805903
0.18525531915744986
0.08431986243061418
0.9136464698341314
0.8700241263522549
0.759458532420276
0.9629973452813376
0.5103924240841429
0.0668139815190607
0.2719395925546306
0.2402294262268988
0.9340807609512963
0.2719336777942667
0.3100057435038315
0.46125548035949926
0.3510349721491691
0.4440141165242154
0.3993139148890801
0.15271754281317163
0.6918859655319378
0.6688726944113761
0.06255607539640762
0.6562538211303983
0.11579623399729821
0.7546372717045884
0.7621975805042981
0.9639509843399194
0.4281495863175695
0.8123256352887049
0.08215776647356676
0.3346161889721423
0.38325542496634724
0.4001579107016423
0.2582044941481242
0.2325257202292066
0.3866243990234377
0.5257002040607126
0.8279669434942949
0.04925155486694266
0.10063015215060689
0.17200730825034383
0.7388542840826657
0.14436347359927604
0.852879766830269
0.042253225015446705
0.7258002885646049
0.9722487801071342
0.5483731083277205
0.9019081218306326
0.15063679711548628
0.44998757378487875
0.9945392359248268
0.23834124573779514
0.7810319721920076
0.26516649000191383
0.16249588314087027
0.9547988715774528
0.1793117448225946
0.5227094742208295
0.9283857576080521
0.46902717688591655
0.4701161020234005
0.9862490791859102
0.2654010750049175
0.8963803561618997
0.2607242457789487
0.18225727887925336
0.6901159905229743
0.9630739704959258
0.3990157915725959
0.8041003276931455
0.006003905831587386
0.9173146651745046
0.07141783190133855
0.1783771175367993
0.03252469324504137
0.984356937981657
0.46682037420151834
0.03734578285969392
0.05992475301034417
0.8461084655459219
0.86232602879781
0.47893931655931243
0.2279004745225407
0.21672567197167725
0.5228317101991038
0.7898151105471165
0.8905335250685683
0.8327113938993954
0.24882387706281917
0.7570798702041144
0.30041435099401315
0.07934695708353534
0.7554010600678633
0.20077574211333016
0.6216276158226424
0.03486126962317171
0.3204204224558922
0.7219090473686751
0.3642821189000137
0.9295598647454193
0.3007977475336283
0.07974902807357243
0.8225240877720786
0.889206968007816
0.18337368346401084
0.18731791445730772
0.9934820417701831
0.3602743203076567
0.8103906607053437
0.44544030683450375
0.7563480207139704
0.7992404372686024
0.2995092359442084
0.023414467733637534
0.7988087935477582
0.048944419510619896
0.9644240905719094
0.7383136449586944
0.892297534768868
0.32206903407405907
0.2345235880704698
0.38512035699615355
0.6380451367807461
0.865147581385793
0.17066912662629097
0.726343231037245
0.7326673865424584
0.1860595645432933
0.6790537162494172
0.8624593351510493
0.13503265532149877
0.19380106052572332
0.936231609614998
0.3734721125725573
0.2554120722972456
0.7213848700570499
0.8557939426794577
0.4470691233248165
0.4334224623703671
0.6810468387443885
0.6507981964792794
0.19030963955082147
0.5230295694488063
0.53550475462706
0.6759415028661312
0.4594674163088668
0.3608874640754943
0.8598361433922196
0.769601693948326
0.8365990119113887
0.25854734316481454
0.5156122049273446
0.25825178260265935
0.831603725429226
0.42957724108545847
0.36224509663504956
0.6343867911677359
0.9949861679327251
0.43939147370992937
0.490076051531516
0.6739849527080448
0.3892280444038959
0.34859689729882404
0.6755524374874243
0.4206575042857249
0.785621015861347
0.2099205089629952
0.13091165575909236
0.031024690459076854
0.02860756589435076
0.9742910648671838
0.6491107836566431
0.9494877837553044
0.241122566178397
0.6634049350025527
0.9293104950033886
0.2604506787556906
0.9321229782061474
0.8741143327393643
0.2090425314501555
0.3521761576906527
0.611439078588971
0.29423387663769085
0.3262602234934152
0.21884598173796943
0.2172752494701502
0.9298693250562791
0.9877917192416524
0.8260259886957729
0.5181343713469206
0.17112991332965766
0.33028619312105967
0.9696203694960468
0.6636344064076086
0.6560937637393279
0.8255631837164766
0.9695324037681774
0.22763184658449997
0.1321536298318391
0.20434597403307753
0.3566311748789366
0.41226138637394116
0.15937770432892306
0.35068005872020813
0.43525730333233903
0.5629469992799683
0.552278794444106
0.05390777766278143
0.2333827475929673
0.7821343133222717
0.9143920484480437
0.09589108749208042
0.8886734866539083
0.22344025410515977
0.48431977675855786
0.39824423994457026
0.961085619209273
0.5981104477449257
0.7824100062351363
0.8576587310518586
0.5112593369423376
0.5321208456320713
0.22399210524324287
0.05697296657508388
0.038856988163397554
0.6749549451670952
0.9481022321416539
0.2554597595886724
0.5361252449539435
0.8800333551724782
0.5998875753752076
0.9338747094682608
0.9793433775961453
0.35196791912003866
0.7003872701856464
0.6981289892454683
0.5544529983362124
0.3872579103022722
0.539145322759517
0.5300206135209862
0.7930471123716393
0.22274069729886659
0.2331184120363079
0.21427791820280184
0.5810294272840884
0.5500554740800184
0.7095998025590192
0.26824003613595815
0.6946374308688137
0.45457286368982497
0.8913880899308312
0.8538192448305969
0.11715552629846704
0.8936894460782612
0.2891870822209186
0.9609597006156265
0.8945278704317245
0.3420811467354825
0.5392315112955015
0.6176287014366292
0.6992123500682171
0.9004546222574652
0.16339073900221535
0.0034456933244110255
0.5890010475487075
0.9895314557500905
0.9745101280811614
0.12237514912745773
0.6711647766060815
0.7324450561760892
0.10150849360859515
0.12447978843937257
0.5121618085440943
0.2664253268191952
0.5667566700367175
0.45755061317972046
0.1692846964301009
0.5185919803253862
0.7125210130098595
0.7765008278755806
0.6630005796576747
0.4308719984393883
0.5437629533290113
0.9417310032718419
0.5573745644587196
0.2255028159923651
0.23134382748196314
0.49724276686622093
0.07084748251367923
0.06527734087937087
0.6026915008287294
0.7350993246339392
0.8007726871467008
0.38163289982608817
0.43624398120326546
0.8249006715772317
0.7124992003166669
0.2188810606838908
0.7714922376247403
0.5152621915212016
0.5174215466084625
0.17432085865319014
0.24820236890564207
0.598855586332517
0.9442990341162192
0.9016731286302494
0.6964058866823993
0.6733910094842699
0.6942803628926043
0.6892189999474709
0.8130031916435503
0.7279899964137803
0.06245220153305009
0.32422097921880744
0.7813348439204694
0.7377191966354406
0.3073630992966899
0.31165008908370573
0.11683159594040093
0.7586245581418664
0.8548569737506299
0.5279385268647314
0.854862956456525
0.9814266837243499
0.33368322364476655
0.5594214858997509
0.43616110073868597
0.824107948863527
0.2577333529876391
0.30032842021254347
0.29070561659483596
0.42194259383538124
0.8933865570765527
0.8666281979616053
0.17271148153244287
0.8080906501115283
0.4803302364326416
0.5197285871912939
0.7573711706235061
0.6686980046221291
0.5103531134888453
0.08797578580260168
0.8742591258904355
0.8035140471754365
0.21099256769061747
0.3240944698801781
0.02281509224776468
0.32635935861503473
0.7295497454658154
0.7431548190924196
0.492080224274832
0.19934618734222576
0.7678694589756452
0.7483481433634511
0.48986789737444414
0.9105742382530094
0.5794142390684226
0.2707974539286465
0.17580892212246435
0.9770953788783661
0.3075448521546009
0.7248256356880708
0.3882185853506711
0.48326054056174106
0.6175526360667143
0.8115481654827017
0.1564910429626124
0.04913275694569674
0.454871560315133
0.5913535611465381
0.7987340394794177
0.46447040305104925
0.5480306122497552
0.2897792583469182
0.5186148901402076
0.7208552741942283
0.9672904293261331
0.5014864361524318
0.9358965518945512
0.327860042413855
0.6485403998243107
0.8134826747245338
0.9119004149212306
0.6087203092794032
0.29691543871221904
0.38143588678865037
0.3641399726732566
0.1367967905439056
0.49572456682476573
0.6618695051203486
0.5036278785695917
0.5961830008696674
0.16366619073780952
0.32822299063598936
0.07386611927724507
0.1281347055216563
0.7269375678506997
0.3802080138686449
0.7222873334251676
0.6595676568540781
0.5027291062112045
0.5935850886219391
0.5929227434127482
0.800689691908163
0.8267267143307246
0.7514318002229641
0.5933302070344781
0.6459047262954114
0.39962835122115714
0.5481680040235241
0.5593238941885867
0.2154457240632246
0.17631356058539283
0.6640493171262676
0.7178040833956786
0.3347640058356568
0.8761879548773838
0.2705355780587748
0.430994563258181
0.46452324838865977
0.8543569888093343
0.1458857797902109
0.19465206222689524
0.3661159480789764
0.6406663285320116
0.6555268706047895
0.2583201155486643
0.5159410974426366
0.927279369225038
0.08318878305960564
0.03745799148526041
0.8662519299235293
0.16534429637612247
0.18649313664264888
0.6952825030216765
0.8912028502649082
0.21743695186856893
0.394629248286664
0.8864187528799963
0.8537948789806604
0.704848004350586
0.765945202638624
0.6749638619265462
0.8827395753559013
0.7874156054893139
0.6797282512813014
0.06632469444122657
0.7578314960324674
0.11848807803566008
0.2491428989765272
0.42519933452824554
0.26823940636177257
0.628733499608302
0.6112416277335722
0.291329740065157
0.630197285401727
0.609896001577781
0.5751574632232856
0.7501597530237306
0.7288957602485074
0.2932316291503567
0.5910333025552861
0.5672923371525246
0.8839456833392604
0.7472390957686021
0.6399385926943305
0.7536458999691796
0.428605206810724
0.4554336510347552
0.43896851683056326
0.09246840718251048
0.6400325037532987
0.37729547711663547
0.30591685993520623
0.42987561623109394
0.461146344812839
0.6441561333053274
0.13435848741824175
0.20733746778959694
0.01424702863883176
0.2966700705527515
0.19267322174005586
0.7975444202519095
0.12237079046580446
0.6316506638329288
0.8794875313348639
0.6943435307698156
0.9264207464646649
0.7934329756535033
0.14320661099486975
0.5029417217563682
0.21443776019694494
0.2185587925113498
0.004753854685029424
0.978331668912389
0.26394547565809634
0.4224614154857258
0.5103308278760917
0.06790321173291047
0.8391232118550713
0.4029613806394654
0.48495550765441875
0.02846162511521222
0.4816315411688171
0.6277666201104367
0.6577322933871758
0.2083810126274399
0.38723504866014324
0.17180329415778461
0.08625257867240499
0.012379826066754362
0.9699376443943957
0.07508680679426827
0.32021951668524007
0.8994127293772642
0.6811654766995249
0.4029748728711732
0.41333679398342926
0.003430823775538383
0.7736035936378501
0.8080274823065838
0.717695652915894
0.1122706797487597
0.47761187871907707
0.6163314923055182
0.376340065120637
0.2916895495815216
0.4927170808942545
0.5910303858127005
0.5673857406158653
0.39957261596991633
0.7874972726593876
0.5619322256470151
0.8470129195529528
0.09959576900898448
0.44824578389558845
0.05245230519195554
0.38884933229983043
0.7541349851533143
0.7201219188510577
0.883779019269393
0.5237042005368951
0.7529716527086718
0.4440660462660053
0.49103497353232495
0.7463099955323639
0.41735030127100825
0.8085768984501892
0.34733769477156295
0.27467342592972765
0.6082039785086645
0.707519422167307
0.4590474052902057
0.3228332251158593
0.5628694005053867
0.023451428193664192
0.36912187065604096
0.4792667375098322
0.28637218529552966
0.8405283010338964
0.4853816628002291
0.97088341668089
0.03137057742058125
0.931864532889687
0.8366210644165634
0.13648801682541334
0.015103339259813664
0.8633018019194505
0.5518837777021688
0.1337918371906318
0.5421958298861048
0.7088530865923401
0.45685446304602073
0.7604961512714851
0.128935523800065
0.6826633393190987
0.18620054229832905
0.2826660712824657
0.057636590176906255
0.9581466576111076
0.12183119805003317
0.3325598997563789
0.028970765773518314
0.5670309531318011
0.2844236495393131
0.2632730205194116
0.22564923723674635
0.549361101248893
0.02919884394529071
0.8290015577245619
0.152598718814984
0.46008176737380946
0.02681275346833134
0.6974260313320592
0.07678213422973013
0.9286417452014191
0.5463609539762405
0.0946604611150691
0.7540723579731027
0.2151316926596457
0.4998779825982096
0.8334078189417152
0.40109546239296057
0.6097875080145064
0.056345180665891115
0.08140801331008085
0.5467171522546723
0.08226190842483705
0.8881038580308687
0.48996011322272126
0.4808548577076678
0.8028872947210194
0.2737032196174094
0.7212450585861101
0.5075545595442729
0.03022288972955245
0.3485954989707237
0.9883716863440787
0.10478027786397248
0.3874997939871381
0.7687234908829295
0.9535130104508469
0.3951214818532488
0.7351477753876998
0.9319283149331347
0.21719557638962772
0.03963123269650781
0.6874079985380045
0.6882383402086322
0.675750176776318
0.7812666818274691
0.3181059391181792
0.16248280490683442
0.22412699543356418
0.38490978321431624
0.7539796998522705
0.911306562713807
0.6377241313178614
0.6477056420057314
0.1635281804832387
0.14154523808837194
0.9795732205582776
0.48646234554469714
0.11516518203804749
0.12805269603682723
0.5481717895964127
0.8481147112960371
0.4005346729821102
0.2864558289969188
0.20644657631168517
0.33476183157429407
