 493
 492
 493
 489
 492
 490
 490
 484
 487
 483
 487
 483
 487
 483
 486
 484
 484
 481
 486
 479
 484
 498
 514
 517
 526
 560
 555
 526
 514
 500
 486
 450
 451
 450
 450
 438
 472
 618
 870
 968
 464
 256
 329
 403
 464
 459
 469
 464
 476
 473
 484
 483
 492
 495
 507
 510
 523
 526
 540
 546
 559
 568
 576
 582
 583
 580
 585
 583
 574
 565
 549
 535
 524
 518
 514
 510
 510
 509
 507
 509
 512
 510
 506
 506
 507
 504
 501
 498
 498
 493
 492
 490
 495
 493
 487
 489
 484
 492
 489
 487
 487
 486
 484
 489
 486
 483
 479
 484
 483
 490
 498
 514
 521
 534
 573
 557
 528
 507
 504
 476
 456
 453
 455
 455
 445
 515
 690
 880
 810
 462
 282
 313
 403
 458
 467
 465
 467
 479
 475
 484
 486
 490
 500
 506
 514
 518
 526
 537
 548
 555
 563
 577
 571
 580
 577
 579
 579
 562
 554
 543
 528
 523
 510
 514
 510
 507
 506
 509
 512
 506
 510
 500
 501
 496
 500
 495
 489
 496
 489
 484
 487
 484
 487
 489
 486
 486
 483
 483
 479
 487
 476
 481
 483
 481
 489
 510
 515
 529
 569
 557
 535
 510
 504
 478
 458
 456
 444
 458
 438
 503
 676
 887
 891
 479
 265
 298
 396
 461
 464
 470
 465
 475
 475
 484
 483
 496
 496
 509
 510
 521
 537
 535
 557
 560
 574
 574
 586
 585
 588
 588
 579
 568
 559
 540
 523
 520
 512
 507
 503
 512
 506
 510
 504
 503
 507
 509
 501
 500
 496
 498
 500
 489
 492
 483
 486
 486
 484
 481
 481
 487
 479
 479
 481
 479
 483
 481
 484
 501
 515
 523
 534
 571
 551
 526
 501
 493
 464
 447
 442
 450
 445
 430
 534
 780
 976
 706
 375
 259
 326
 416
 458
 456
 461
 470
 470
 476
 479
 486
 493
 503
 506
 517
 528
 534
 545
 563
 574
 576
 585
 585
 594
 593
 585
 579
 565
 551
 540
 520
 507
 503
 501
 500
 500
 501
 500
 506
 500
 500
 503
 498
 492
 493
 493
 484
 487
 483
 486
 479
 484
 481
 479
 476
 481
 476
 478
 470
 483
 473
 479
 486
 507
 518
 521
 554
 562
 545
 521
 496
 496
 459
 448
 445
 458
 447
 445
 566
 850
1040
 616
 321
 293
 369
 458
 461
 467
 464
 476
 475
 479
 479
 486
 493
 507
 510
 518
 528
 537
 545
 568
 576
 586
 585
 596
 596
 599
 593
 583
 566
 554
 540
 526
 512
 510
 504
 504
 504
 506
 512
 510
 510
 510
 510
 509
 504
 506
 500
 500
 500
 496
 493
 496
 492
 493
 490
 493
 484
 487
 483
 486
 481
 484
 483
 486
 481
 489
 483
 487
 489
 512
 521
 523
 554
 557
 534
 517
 498
 495
 455
 453
 444
 456
 447
 455
 580
 869
1046
 560
 295
 307
 386
 465
 462
 470
 467
 475
 473
 484
 484
 495
 500
 507
 512
 521
 528
 541
 546
 563
 571
 583
 588
 591
 591
 594
 591
 583
 569
 557
 543
 531
 520
 520
 515
 515
 515
 517
 515
 520
 518
 518
 518
 517
 512
 512
 509
 507
 506
 503
 501
 501
 498
 500
 498
 498
 495
 498
 495
 498
 493
 496
 493
 495
 487
 492
 484
 489
 484
 490
 489
 492
 487
 492
 503
 520
 524
 532
 568
 557
 529
 517
 501
 493
 458
 459
 451
 458
 444
 476
 622
 897
1007
 476
 259
 337
 419
 472
 462
 472
 470
 478
 475
 484
 486
 495
 500
 510
 512
 524
 528
 541
 551
 565
 571
 580
 583
 588
 590
 593
 586
 580
 566
 554
 538
 529
 518
 517
 515
 515
 512
 512
 512
 515
 514
 518
 515
 512
 509
 507
 506
 506
 504
 501
 503
 498
 496
 496
 495
 492
 492
 493
 492
 490
 493
 493
 495
 493
 492
 487
 492
 487
 492
 489
 490
 486
 490
 486
 489
 486
 493
 498
 518
 524
 529
 568
 560
 531
 518
 504
 495
 456
 462
 459
 461
 451
 481
 621
 858
 976
 500
 285
 320
 399
 472
 465
 470
 465
 475
 472
 479
 484
 495
 493
 501
 507
 518
 526
 532
 541
 557
 568
 579
 574
 582
 585
 588
 585
 582
 566
 552
 540
 528
 523
 517
 514
 512
 510
 512
 512
 512
 512
 510
 510
 506
 506
 500
 496
 493
 493
 493
 490
 492
 489
 490
 492
 489
 489
 489
 484
 489
 486
 487
 484
 489
 484
 487
 484
 487
 481
 486
 481
 489
 486
 484
 489
 507
 520
 529
 560
 562
 541
 517
 501
 496
 458
 459
 453
 458
 450
 479
 616
 852
 968
 532
 307
 298
 375
 455
 462
 470
 470
 476
 476
 478
 483
 495
 496
 507
 510
 526
 528
 541
 549
 563
 569
 577
 582
 588
 586
 586
 585
 577
 563
 551
 534
 526
 515
 518
 514
 512
 512
 512
 512
 512
 510
 509
 510
 504
 510
 500
 500
 498
 498
 500
 495
 492
 496
 492
 492
 492
 492
 490
 492
 490
 492
 490
 490
 486
 493
 484
 492
 486
 487
 486
 496
 484
 489
 495
 514
 529
 531
 562
 560
 537
 517
 506
 498
 459
 459
 458
 462
 450
 479
 624
 872
 993
 534
 298
 307
 385
 464
 464
 470
 470
 479
 478
 486
 484
 492
 498
 510
 512
 524
 532
 543
 549
 566
 571
 583
 591
 596
 594
 597
 588
 579
 566
 555
 541
 524
 520
 517
 512
 512
 512
 512
 512
 512
 512
 512
 510
 509
 509
 507
 503
 501
 498
 498
 496
 498
 492
 490
 489
 490
 484
 486
 484
 490
 486
 486
 483
 486
 484
 486
 484
 484
 481
 484
 479
 484
 481
 486
 495
 512
 523
 528
 565
 554
 531
 515
 501
 489
 453
 455
 448
 456
 442
 478
 630
 889
 991
 504
 275
 320
 397
 464
 459
 467
 462
 472
 467
 473
 475
 487
 492
 501
 506
 515
 523
 537
 545
 560
 568
 580
 582
 586
 585
 588
 582
 574
 560
 548
 535
 528
 518
 512
 509
 507
 509
 509
 510
 512
 512
 512
 512
 512
 510
 509
 506
 504
 501
 498
 495
 495
 493
 493
 493
 495
 495
 495
 492
 493
 495