 419
 443
 385
 452
 416
 418
 439
 455
 469
 428
 455
 399
 437
 389
 402
 415
 452
 376
 445
 378
 448
 448
 490
 442
 494
 540
 473
 478
 437
 448
 412
 432
 351
 360
 365
 346
 420
 545
 801
 903
 423
 217
 271
 367
 374
 352
 450
 399
 453
 383
 376
 461
 389
 478
 428
 422
 458
 428
 441
 472
 530
 532
 543
 562
 558
 507
 482
 535
 520
 458
 446
 457
 417
 431
 467
 433
 472
 466
 429
 444
 458
 439
 420
 436
 440
 434
 438
 475
 416
 385
 443
 384
 447
 395
 429
 435
 448
 465
 444
 404
 399
 406
 468
 395
 384
 395
 460
 433
 401
 407
 462
 473
 443
 474
 499
 519
 496
 415
 417
 374
 431
 421
 430
 393
 412
 416
 666
 860
 742
 375
 238
 281
 356
 423
 404
 366
 393
 454
 423
 463
 423
 435
 391
 415
 453
 419
 498
 485
 446
 455
 481
 504
 523
 478
 550
 495
 503
 469
 501
 458
 434
 477
 444
 407
 444
 461
 433
 460
 426
 452
 449
 419
 395
 450
 406
 411
 384
 478
 440
 407
 445
 447
 405
 415
 415
 409
 463
 435
 422
 449
 394
 386
 441
 397
 460
 417
 487
 459
 520
 466
 473
 449
 407
 429
 400
 351
 424
 352
 404
 425
 606
 809
 841
 406
 174
 281
 372
 355
 388
 433
 412
 448
 434
 445
 436
 467
 449
 482
 413
 497
 435
 483
 537
 513
 490
 485
 520
 506
 489
 567
 535
 548
 525
 457
 440
 423
 442
 485
 401
 422
 464
 444
 397
 421
 414
 453
 442
 432
 456
 413
 437
 413
 448
 454
 426
 436
 395
 393
 403
 459
 462
 412
 437
 376
 376
 439
 394
 402
 444
 425
 430
 504
 467
 457
 483
 436
 388
 383
 392
 347
 353
 335
 484
 710
 879
 604
 298
 224
 249
 394
 404
 379
 358
 379
 409
 390
 425
 380
 386
 407
 454
 459
 489
 445
 447
 463
 507
 504
 556
 486
 537
 558
 486
 492
 467
 509
 462
 442
 480
 449
 460
 417
 458
 402
 407
 454
 438
 419
 410
 426
 423
 448
 435
 402
 389
 400
 468
 401
 428
 425
 453
 385
 435
 438
 430
 420
 416
 405
 427
 433
 444
 441
 417
 471
 509
 452
 493
 475
 473
 428
 403
 402
 441
 381
 421
 537
 776
 944
 510
 253
 185
 302
 394
 415
 411
 403
 454
 377
 458
 423
 393
 441
 435
 419
 420
 425
 504
 505
 469
 505
 524
 512
 504
 531
 565
 535
 528
 461
 481
 460
 443
 464
 447
 437
 474
 436
 426
 457
 417
 427
 461
 453
 457
 417
 422
 444
 419
 396
 408
 412
 471
 440
 423
 432
 473
 447
 394
 466
 390
 458
 406
 420
 450
 412
 462
 405
 416
 468
 491
 492
 506
 498
 464
 461
 453
 402
 470
 355
 427
 380
 427
 379
 439
 493
 774
 945
 453
 232
 266
 361
 403
 392
 384
 444
 398
 410
 453
 381
 424
 443
 404
 435
 464
 434
 476
 479
 484
 521
 546
 519
 495
 538
 568
 534
 540
 517
 464
 490
 479
 471
 491
 475
 492
 460
 477
 472
 465
 492
 457
 437
 478
 423
 490
 457
 492
 470
 487
 468
 472
 458
 468
 470
 427
 396
 395
 459
 438
 443
 432
 453
 473
 431
 460
 466
 384
 428
 385
 402
 476
 408
 411
 427
 453
 489
 445
 531
 507
 431
 421
 448
 448
 386
 359
 351
 387
 397
 381
 565
 797
 988
 411
 177
 304
 372
 439
 417
 419
 404
 458
 408
 443
 448
 457
 470
 406
 409
 433
 444
 510
 502
 532
 555
 535
 503
 514
 524
 536
 544
 518
 480
 467
 469
 444
 443
 490
 453
 467
 488
 483
 478
 437
 458
 438
 476
 496
 444
 466
 402
 406
 452
 483
 425
 405
 391
 476
 437
 422
 412
 411
 416
 407
 443
 424
 469
 472
 385
 445
 421
 382
 459
 455
 443
 383
 438
 445
 459
 433
 443
 470
 462
 500
 456
 551
 491
 442
 481
 447
 426
 435
 401
 384
 425
 358
 375
 526
 795
 934
 415
 248
 215
 325
 400
 434
 446
 426
 379
 371
 399
 401
 458
 424
 410
 454
 411
 502
 487
 478
 536
 485
 511
 509
 489
 489
 499
 540
 524
 481
 527
 514
 487
 459
 411
 432
 467
 468
 417
 412
 437
 473
 487
 417
 436
 402
 478
 427
 451
 401
 460
 434
 440
 396
 412
 457
 444
 461
 411
 415
 457
 456
 427
 384
 422
 465
 467
 394
 430
 430
 397
 432
 424
 404
 387
 443
 431
 413
 506
 490
 508
 497
 477
 415
 388
 425
 371
 419
 350
 360
 424
 533
 790
 877
 483
 285
 227
 275
 421
 407
 385
 451
 373
 390
 410
 450
 433
 433
 399
 415
 421
 449
 488
 447
 503
 532
 525
 501
 521
 501
 478
 480
 512
 458
 525
 513
 482
 446
 453
 414
 446
 456
 446
 430
 495
 420
 480
 450
 465
 461
 422
 468
 457
 464
 466
 449
 394
 437
 439
 460
 386
 438
 396
 419
 440
 395
 402
 431
 394
 394
 429
 445
 415
 388
 405
 446
 400
 384
 429
 448
 485
 508
 529
 536
 478
 500
 405
 423
 444
 441
 423
 404
 423
 463
 541
 823
 905
 478
 242
 287
 365
 440
 393
 432
 376
 384
 373
 425
 448
 455
 433
 424
 464
 466
 457
 442
 519
 484
 502
 528
 493
 544
 562
 523
 514
 533
 476
 447
 435
 497
 483
 499
 440
 486
 459
 414
 445
 462
 477
 455
 406
 482
 450
 412
 483
 421
 391
 456
 469
 419
 392
 418
 389
 457
 398
 438
 430
 460
 394
 412
 398
 395
 462
 382
 422
 398
 396
 391
 449
 426
 408
 383
 402
 413
 453
 458
 470
 535
 433
 462
 482
 404
 423
 426
 376
 417
 396
 425
 577
 838
 919
 473
 242
 295
 352
 377
 422
 383
 382
 379
 374
 430
 430
 423
 446
 408
 415
 448
 483
 458
 507
 502
 517
 515
 474
 501
 478
 551
 517
 554
 474
 476
 440
 420
 416
 458
 493
 441
 474
 473
 465
 488
 427
 427
 446
 465
 417
 442
 401
 406
 452
 432
 447
 421
 404
 408
 466
 403
 477
 441
 408
 405
 445